001000	4.38764546	3.11147088158e-06	0.798420681443	0.798423792914
002000	5.1327241887	2.5688581871e-06	0.798420469993	0.798423038851
003000	5.80797694485	2.34608437936e-06	0.798417188878	0.798419534962
004000	6.42993051628	2.29585996302e-06	0.798407580397	0.798409876257
005000	7.01151609257	2.37435532661e-06	0.79839782255	0.798400196905
006000	7.61986932495	2.57676890454e-06	0.798387925208	0.798390501976
007000	8.14981230554	2.89981194961e-06	0.798377918252	0.798380818064
008000	8.66698329612	3.09389459151e-06	0.798364514568	0.798367608462
009000	9.17030688933	3.98976867339e-06	0.798366627696	0.798370617464
010000	9.67304557079	4.82582611915e-06	0.798365607855	0.798370433681
011000	10.1071042489	5.89604130881e-06	0.79836446416	0.798370360202
012000	10.6166053635	7.32815886989e-06	0.798363099728	0.798370427886
013000	11.1449977901	9.12490700299e-06	0.798361431473	0.79837055638
014000	11.7017215393	1.14311556762e-05	0.798353414182	0.798364845338
015000	12.2953204798	1.43390969128e-05	0.798341468948	0.798355808045
016000	12.9489001777	1.90552699178e-05	0.798328594312	0.798347649582
017000	13.6949660406	2.27562294017e-05	0.798314814214	0.798337570443
018000	14.4684071726	2.86673961634e-05	0.798299905794	0.79832857319
019000	15.3265624053	3.61548851215e-05	0.798286290387	0.798322445273
020000	16.286797793	4.54940843603e-05	0.798277716714	0.798323210798
021000	17.365057493	5.71994228214e-05	0.79826685988	0.798324059303
022000	18.5219747303	7.18098072965e-05	0.798253588518	0.798325398325
023000	19.8907060894	8.98076087621e-05	0.798237082683	0.798326890291
024000	21.4243611918	0.000112288794178	0.798217437786	0.79832972658
025000	23.134856905	0.000140105837681	0.798182297038	0.798322402876
026000	25.0272043718	0.000174184518566	0.798141266233	0.798315450752
027000	27.1745724041	0.000216252058648	0.798092790074	0.798309042133
028000	29.4517127063	0.000266586832599	0.798035474189	0.798302061021
029000	31.9095356969	0.000327495977813	0.797967428642	0.79829492462
030000	34.5484332959	0.000400394834113	0.797893412374	0.798293807208
031000	37.3433486498	0.000487033872246	0.797808428687	0.798295462559
032000	40.2445952294	0.000588566119511	0.797707093003	0.798295659122
033000	43.2613920773	0.000707670890161	0.797587810751	0.798295481641
034000	46.3867498028	0.000845996377928	0.797447818	0.798293814378
035000	49.5958001002	0.00100505754917	0.797282087022	0.798287144571
036000	52.8472458066	0.00118620585051	0.797084921984	0.798271127834
037000	56.1508586405	0.00139161114014	0.796861726861	0.798253338001
038000	59.5183480087	0.00162176400937	0.796610964425	0.798232728434
039000	62.8503206044	0.00187859638536	0.796330660888	0.798209257273
040000	66.1900345787	0.00216239146859	0.796021311407	0.798183702876
041000	69.5412157088	0.00247486934828	0.795689340396	0.798164209744
042000	72.8873968902	0.00281631103543	0.795322580168	0.798138891204
043000	76.1893043023	0.00318728117486	0.794922330782	0.798109611957
044000	79.533723816	0.00358966206145	0.794486516072	0.798076178134
045000	82.874338463	0.00402215461392	0.7940130486	0.798035203214
046000	86.2112590035	0.00448602974757	0.793494154378	0.797980184126
047000	89.5601343081	0.00498141607061	0.792938451837	0.797919867908
048000	92.9335434834	0.00550679798626	0.792344405159	0.797851203145
049000	96.283694146	0.00606173215143	0.791712622003	0.797774354154
050000	99.6175896285	0.00664609678113	0.791043686345	0.797689783126
051000	102.956911524	0.0072577121682	0.790344910821	0.797602622989
052000	106.295426118	0.00789452238137	0.789610559961	0.797505082342
053000	109.60290364	0.0085552302026	0.788840670863	0.797395901065
054000	112.9328093	0.00923614854274	0.788036631348	0.797272779891
055000	116.280326911	0.00993378378793	0.787198681464	0.797132465252
056000	119.613858416	0.0106459995693	0.78632646233	0.7969724619
057000	122.956189313	0.0113672942057	0.785422265105	0.796789559311
058000	126.310973616	0.0120938315344	0.784496577974	0.796590409508
059000	129.649942727	0.0128228900214	0.783551084155	0.796373974177
060000	132.983717309	0.0135513363014	0.782588827954	0.796140164255
061000	136.295572462	0.0142820835236	0.781614986738	0.795897070262
062000	139.590139201	0.0150137948135	0.780632316782	0.795646111596
063000	142.875875821	0.0157507466996	0.779631246421	0.79538199312
064000	146.147144924	0.0164957092775	0.778615638595	0.795111347872
065000	149.410695921	0.0172527918973	0.777580331479	0.794833123376
066000	152.691601877	0.0180227540929	0.776518822603	0.794541576696
067000	155.960453533	0.0188144185205	0.775423110619	0.79423752914
068000	159.246285186	0.019626475364	0.774293137398	0.793919612762
069000	162.560519289	0.0204621489114	0.773125014923	0.793587163835
070000	165.874958382	0.0213237890737	0.771917807479	0.793241596553
071000	169.189861352	0.0222090810777	0.770671774173	0.792880855251
072000	172.510356119	0.0231233375801	0.76939165793	0.79251499551
073000	175.822346861	0.0240623637755	0.768077951617	0.792140315393
074000	179.113234866	0.0250292016441	0.766724098769	0.791753300413
075000	182.418842588	0.0260222192922	0.765335752294	0.791357971586
076000	185.703963825	0.0270455079016	0.763907525374	0.790953033276
077000	189.00920274	0.0280931405292	0.762435534795	0.790528675324
078000	192.309845871	0.0291710010754	0.760915003245	0.79008600432
079000	195.636170156	0.0302760523006	0.75935199546	0.78962804776
080000	198.955864127	0.0314105521809	0.75774163816	0.78915219034
081000	202.284813106	0.0325727046528	0.756085942563	0.788658647216
082000	205.617330463	0.0337632174547	0.754389337312	0.788152554766
083000	208.923514259	0.0349865863966	0.752653586846	0.787640173242
084000	212.227858555	0.0362374696316	0.750878042139	0.787115511771
085000	215.521686443	0.0375177750967	0.749057087723	0.78657486282
086000	218.824477704	0.0388289663523	0.747194980072	0.786023946424
087000	222.106676193	0.0401724375572	0.745285022758	0.785457460315
088000	225.430298422	0.0415437479523	0.743324533062	0.784868281014
089000	228.722730526	0.0429459659807	0.741311177402	0.784257143383
090000	232.040024325	0.0443795547635	0.739252865178	0.783632419941
091000	235.347243513	0.0458443559181	0.737142566875	0.782986922793
092000	238.663819141	0.0473364162532	0.734985400285	0.782321816538
093000	241.958337787	0.0488590234046	0.732785177547	0.781644200951
094000	245.238212972	0.0504165980007	0.730542250261	0.780958848262
095000	248.511934404	0.051999610995	0.72825226108	0.780251872075
096000	251.790261553	0.0536109298225	0.725913626179	0.779524556001
097000	255.056910866	0.0552555959328	0.723527043584	0.778782639516
098000	258.319868966	0.0569292044267	0.721088494289	0.778017698715
099000	261.613796682	0.0586281344373	0.718596660211	0.777224794648
100000	264.88287708	0.0603547192031	0.716052116876	0.776406836079
101000	268.168436782	0.0621099265024	0.71346334648	0.775573272982
102000	271.433528762	0.0638911547951	0.710825043644	0.774716198439
103000	274.7146135	0.0656928944597	0.708142443009	0.773835337468
104000	277.981751154	0.0675163670466	0.705418885259	0.772935252305
105000	281.217512773	0.0693674022818	0.702655902537	0.772023304819
106000	284.461267993	0.0712325186436	0.699848335522	0.771080854166
107000	287.726569744	0.0731134027554	0.696995519873	0.770108922629
108000	290.963991733	0.0750124290652	0.69409926777	0.769111696836
109000	294.21843605	0.0769250355683	0.691161221728	0.768086257296
110000	297.478692727	0.0788470235526	0.688178017531	0.767025041083
111000	300.748323562	0.0807725817736	0.685154573167	0.765927154941
112000	304.009993166	0.0827075527316	0.682099959544	0.764807512275
113000	307.24019967	0.0846447182814	0.679013806731	0.763658525013
114000	310.502239165	0.0865798271356	0.675899473201	0.762479300336
115000	313.753011992	0.0885073474162	0.672758061712	0.761265409128
116000	316.976090812	0.0904358844698	0.669596265292	0.760032149762
117000	320.211943371	0.0923552600718	0.666409056356	0.758764316428
118000	323.455827318	0.0942621529078	0.663195294142	0.75745744705
119000	326.707422636	0.0961569790252	0.659957404147	0.756114383173
120000	329.950829599	0.0980440707477	0.656701697718	0.754745768466
121000	333.190857191	0.0999160537493	0.65342575489	0.75334180864
122000	336.459706814	0.101769461957	0.650131306689	0.751900768647
123000	339.706959511	0.103609453632	0.64682803141	0.750437485042
124000	342.934334802	0.105433466322	0.643516658997	0.748950125319
125000	346.175506231	0.107244595634	0.640198140611	0.747442736245
126000	349.425615946	0.109033506801	0.636866493438	0.745900000239
127000	352.656611644	0.110808904123	0.633528526695	0.744337430818
128000	355.880589983	0.112572672123	0.630180493521	0.742753165644
129000	359.124491009	0.114315689067	0.626816481035	0.741132170103
130000	362.393695827	0.116043698018	0.623437639542	0.73948133756
131000	365.639551715	0.11775682723	0.620048887206	0.737805714436
132000	368.880257479	0.119455316768	0.616652564719	0.736107881486
133000	372.149404292	0.121133896961	0.613246136433	0.734380033394
134000	375.406873935	0.122792895374	0.609837974963	0.732630870337
135000	378.655478228	0.12443498587	0.606431200583	0.730866186453
136000	381.8886569	0.126057213546	0.603025353584	0.729082567129
137000	385.150529714	0.127655201756	0.59961521252	0.727270414276
138000	388.40328815	0.129228817547	0.596204974198	0.725433791744
139000	391.628098253	0.130774797098	0.592797095022	0.72357189212
140000	394.895208801	0.132274812349	0.589384889374	0.721659701723
141000	398.150364863	0.133708784865	0.585979841567	0.719688626432
